image: levine3_final.pgm
resolution: 0.050000
origin: [-17.958923, -23.634534, 0.000000]
negate: 0
occupied_thresh: 0.65
free_thresh: 0.196

